out_file1.txt
out_file2.txt
1:  2 7 						      |	1:  2 5 
2:  1 3 5 8 						      |	2:  1 3 8 
							      >	3:  7 
out_file3.txt
0:  16 							      |	0:  4 
1:  4 18 						      |	1:  2 16 
2:  2 12 17 19 						      |	2:  1 3 12 18 
3:  1 3 10 14 20 					      |	3:  10 14 17 19 
4:  9 11 13 15 						      |	4:  9 11 13 15 20 
0:  18 							      |	0:  2 
1:  2 19 						      |	1:  1 18 
2:  1 17 20 						      |	2:  17 19 
							      >	3:  20 
0:  19 							      |	0:  1 
1:  1 20 						      |	1:  19 
							      >	2:  20 
out_file4.txt
Add 1 True						      |	Add 1 False
Add 2 True						      |	Add 2 False
Add 3 True						      |	Add 3 False
Add 4 True						      |	Add 4 False
Add 5 True						      |	Add 5 False
Add 6 True						      |	Add 6 False
Add 7 True						      |	Add 7 False
Add 8 True						      |	Add 8 False
Add 9 True						      |	Add 9 False
Add 10 True						      |	Add 10 False
Add 11 True						      |	Add 11 False
Add 12 True						      |	Add 12 False
Add 13 True						      |	Add 13 False
Add 14 True						      |	Add 14 False
Add 15 True						      |	Add 15 False
1:  4 12 						      |	1:  5 12 
2:  2 6 10 14 						      |	2:  3 6 10 14 
3:  1 3 5 7 9 11 13 15 					      |	3:  2 4 7 9 11 13 15 
							      >	4:  1 
Add 15 True						      |	Add 15 False
Add 14 True						      |	Add 14 False
Add 7 True						      |	Add 7 False
Add 5 True						      |	Add 5 False
Add 9 True						      |	Add 9 False
Add 3 True						      |	Add 3 False
Add 6 True						      |	Add 6 False
Add 8 True						      |	Add 8 False
Add 12 True						      |	Add 12 False
Add 1 True						      |	Add 1 False
Add 11 True						      |	Add 11 False
Add 13 True						      |	Add 13 False
Add 2 True						      |	Add 2 False
Add 10 True						      |	Add 10 False
0:  7 							      |	0:  8 
2:  2 6 9 14 						      |	2:  3 6 10 14 
3:  1 3 8 11 13 15 					      |	3:  2 4 7 9 11 13 15 
4:  10 							      |	4:  1 
0:  7 							      |	0:  8 
2:  2 6 9 14 						      |	2:  2 6 10 14 
3:  1 8 11 13 15 					      |	3:  1 4 7 9 11 13 15 
4:  10 							      <
0:  9 							      |	0:  8 
1:  7 12 						      |	1:  4 12 
2:  2 8 11 14 						      |	2:  2 6 10 14 
3:  1 6 10 13 15 					      |	3:  1 7 9 11 13 15 
0:  9 							      |	0:  8 
1:  7 12 						      |	1:  4 12 
2:  1 8 11 14 						      |	2:  1 6 10 14 
3:  6 10 13 15 						      |	3:  7 9 11 13 15 
0:  9 							      |	0:  7 
1:  6 12 						      |	1:  4 12 
2:  1 7 11 14 						      |	2:  1 6 10 14 
3:  10 13 15 						      |	3:  9 11 13 15 
1:  6 12 						      |	1:  4 12 
2:  1 11 14 						      |	2:  1 6 10 14 
3:  10 13 15 						      |	3:  11 13 15 
0:  12 							      |	0:  6 
1:  6 14 						      |	1:  4 12 
2:  1 11 13 15 						      |	2:  1 10 14 
3:  10 							      |	3:  11 13 15 
1:  10 14 						      |	1:  6 14 
2:  6 11 13 15 						      |	2:  4 10 13 15 
							      >	3:  11 
1:  10 14 						      |	1:  4 14 
2:  11 13 15 						      |	2:  10 13 15 
							      >	3:  11 
1:  10 13 						      |	1:  4 13 
2:  11 15 						      |	2:  10 15 
							      >	3:  11 
out_file5.txt
4:  -33 -29 -25 -21 -15 -7 1 9 15 19 23 27 31 35 41 47 	      |	4:  -44 -29 -25 -21 -15 -7 1 9 15 19 23 27 31 35 41 47 
5:  -44 -32 -30 -28 -26 -24 -22 -20 -17 -13 -9 -5 -1 3 7 11 1 |	5:  -33 -30 -28 -26 -24 -22 -20 -17 -13 -9 -5 -1 3 7 11 14 16
6:  -34 -18 -16 -14 -12 -10 -8 -6 -4 -2 0 2 4 6 8 10 12 38 40 |	6:  -34 -32 -18 -16 -14 -12 -10 -8 -6 -4 -2 0 2 4 6 8 10 12 3
3:  -13 -7 1 9 17 25 33 45 				      |	3:  -44 -7 1 9 17 25 33 45 
4:  -44 -12 -9 -5 -1 3 7 11 15 19 23 27 31 35 41 47 	      |	4:  -13 -9 -5 -1 3 7 11 15 19 23 27 31 35 41 47 
5:  -14 -10 -8 -6 -4 -2 0 2 4 6 8 10 12 14 16 18 20 22 24 26  |	5:  -14 -12 -10 -8 -6 -4 -2 0 2 4 6 8 10 12 14 16 18 20 22 24
3:  7 11 17 25 31 35 41 47 				      |	3:  -44 11 17 25 31 35 41 47 
4:  -44 8 10 12 15 19 23 27 30 32 34 36 39 43 46 49 	      |	4:  7 10 12 15 19 23 27 30 32 34 36 39 43 46 49 
5:  6 14 16 18 20 22 24 26 28 38 40 42 48 50 		      |	5:  6 8 14 16 18 20 22 24 26 28 38 40 42 48 50 
2:  27 33 41 47 					      |	2:  -44 33 41 47 
3:  -44 28 31 35 39 43 46 49 				      |	3:  27 31 35 39 43 46 49 
4:  26 30 32 34 36 38 40 42 48 50 			      |	4:  26 28 30 32 34 36 38 40 42 48 50 
